        1.8000000000        0.2823199804
        0.4000000000        0.9369391791
        0.6000000000        0.9215358256
        0.8000000000        0.8269109633
        1.0000000000        0.6859163421
        1.2000000000        0.5485713171
        1.4000000000        0.4345661201
        1.6000000000        0.3474734875
        1.8000000000        0.2823199804
        2.0000000000        0.2330792317
        2.2000000000        0.1956025631
        2.4000000000        0.1662486970
        2.6000000000        0.1425640007
        2.8000000000        0.1240027995
        3.0000000000        0.1084177266
        3.2000000000        0.0956618612
        3.4000000000        0.0852848972
