     Mass matrix from ANSYS SUB  file dumped into Harwell-Boeing format         
            61             6            25            25             5
RSA                        5             5            25             0
(I14)           (I14)           (d25.15)            (d25.15)            
F                          1             5
             1
             6
            11
            16
            21
            26
             1
             2
             3
             4
             5
             1
             2
             3
             4
             5
             1
             2
             3
             4
             5
             1
             2
             3
             4
             5
             1
             2
             3
             4
             5
    0.100000000000000D+04
    0.000000000000000D+00
    0.000000000000000D+00
    0.000000000000000D+00
    0.000000000000000D+00
    0.000000000000000D+00
    0.100000000000000D+04
    0.000000000000000D+00
    0.000000000000000D+00
    0.000000000000000D+00
    0.000000000000000D+00
    0.000000000000000D+00
    0.100000000000000D+04
    0.000000000000000D+00
    0.000000000000000D+00
    0.000000000000000D+00
    0.000000000000000D+00
    0.000000000000000D+00
    0.100000000000000D+04
    0.000000000000000D+00
    0.000000000000000D+00
    0.000000000000000D+00
    0.000000000000000D+00
    0.000000000000000D+00
    0.100000000000000D+04
    0.000000000000000D+00
    0.000000000000000D+00
    0.000000000000000D+00
    0.000000000000000D+00
    0.000000000000000D+00
