Stiffness matrix from ANSYS FULL file dumped into Harwell-Boeing format         
            35             8            10            10             7
RSA                        7             7            10             0
(I14)           (I14)           (d25.15)            (d25.15)            
F                          1             7
             1
             2
             4
             5
             7
             8
            10
            11
             1
             2
             4
             3
             4
             6
             5
             6
             7
             7
    0.100000000000000D+04
    0.400000000000000D+19
   -0.200000000000000D+19
    0.100000000000000D+04
    0.400000000000000D+19
   -0.200000000000000D+19
    0.100000000000000D+04
    0.400000000000000D+19
   -0.200000000000000D+19
    0.200000000000000D+19
    0.000000000000000D+00
    0.000000000000000D+00
    0.000000000000000D+00
    0.000000000000000D+00
    0.000000000000000D+00
    0.000000000000000D+00
   -0.100000000000000D+04
